At time 1761786929.369935646
- Translation: [0.000, 0.000, 0.000]
- Rotation: in Quaternion [0.000, 0.000, 0.707, 0.707]
- Rotation: in RPY (radian) [0.000, -0.000, 1.571]
- Rotation: in RPY (degree) [0.000, -0.000, 89.998]
- Matrix:
  0.000 -1.000  0.000  0.000
  1.000  0.000  0.000  0.000
  0.000  0.000  1.000  0.000
  0.000  0.000  0.000  1.000
At time 1761786930.377801890
- Translation: [0.000, 0.000, 0.000]
- Rotation: in Quaternion [0.000, 0.000, 0.707, 0.707]
- Rotation: in RPY (radian) [0.000, -0.000, 1.571]
- Rotation: in RPY (degree) [0.000, -0.000, 89.998]
- Matrix:
  0.000 -1.000  0.000  0.000
  1.000  0.000  0.000  0.000
  0.000  0.000  1.000  0.000
  0.000  0.000  0.000  1.000
At time 1761786931.369958658
- Translation: [0.000, 0.000, 0.000]
- Rotation: in Quaternion [0.000, 0.000, 0.707, 0.707]
- Rotation: in RPY (radian) [0.000, -0.000, 1.571]
- Rotation: in RPY (degree) [0.000, -0.000, 89.998]
- Matrix:
  0.000 -1.000  0.000  0.000
  1.000  0.000  0.000  0.000
  0.000  0.000  1.000  0.000
  0.000  0.000  0.000  1.000
At time 1761786932.378032313
- Translation: [0.000, 0.000, 0.000]
- Rotation: in Quaternion [0.000, 0.000, 0.707, 0.707]
- Rotation: in RPY (radian) [0.000, -0.000, 1.571]
- Rotation: in RPY (degree) [0.000, -0.000, 89.998]
- Matrix:
  0.000 -1.000  0.000  0.000
  1.000  0.000  0.000  0.000
  0.000  0.000  1.000  0.000
  0.000  0.000  0.000  1.000
At time 1761786933.370412823
- Translation: [0.000, 0.000, 0.000]
- Rotation: in Quaternion [0.000, 0.000, 0.707, 0.707]
- Rotation: in RPY (radian) [0.000, -0.000, 1.571]
- Rotation: in RPY (degree) [0.000, -0.000, 89.998]
- Matrix:
  0.000 -1.000  0.000  0.000
  1.000  0.000  0.000  0.000
  0.000  0.000  1.000  0.000
  0.000  0.000  0.000  1.000
At time 1761786934.377770957
- Translation: [0.000, 0.000, 0.000]
- Rotation: in Quaternion [0.000, 0.000, 0.707, 0.707]
- Rotation: in RPY (radian) [0.000, -0.000, 1.571]
- Rotation: in RPY (degree) [0.000, -0.000, 89.998]
- Matrix:
  0.000 -1.000  0.000  0.000
  1.000  0.000  0.000  0.000
  0.000  0.000  1.000  0.000
  0.000  0.000  0.000  1.000
At time 1761786935.369878108
- Translation: [0.000, 0.000, 0.000]
- Rotation: in Quaternion [0.000, 0.000, 0.707, 0.707]
- Rotation: in RPY (radian) [0.000, -0.000, 1.571]
- Rotation: in RPY (degree) [0.000, -0.000, 89.998]
- Matrix:
  0.000 -1.000  0.000  0.000
  1.000  0.000  0.000  0.000
  0.000  0.000  1.000  0.000
  0.000  0.000  0.000  1.000
At time 1761786936.378339096
- Translation: [0.000, 0.000, 0.000]
- Rotation: in Quaternion [0.000, 0.000, 0.707, 0.707]
- Rotation: in RPY (radian) [0.000, -0.000, 1.571]
- Rotation: in RPY (degree) [0.000, -0.000, 89.998]
- Matrix:
  0.000 -1.000  0.000  0.000
  1.000  0.000  0.000  0.000
  0.000  0.000  1.000  0.000
  0.000  0.000  0.000  1.000
At time 1761786937.370447820
- Translation: [0.000, 0.000, 0.000]
- Rotation: in Quaternion [0.000, 0.000, 0.707, 0.707]
- Rotation: in RPY (radian) [0.000, -0.000, 1.571]
- Rotation: in RPY (degree) [0.000, -0.000, 89.998]
- Matrix:
  0.000 -1.000  0.000  0.000
  1.000  0.000  0.000  0.000
  0.000  0.000  1.000  0.000
  0.000  0.000  0.000  1.000
At time 1761786938.377935738
- Translation: [0.000, 0.000, 0.000]
- Rotation: in Quaternion [0.000, 0.000, 0.707, 0.707]
- Rotation: in RPY (radian) [0.000, -0.000, 1.571]
- Rotation: in RPY (degree) [0.000, -0.000, 89.998]
- Matrix:
  0.000 -1.000  0.000  0.000
  1.000  0.000  0.000  0.000
  0.000  0.000  1.000  0.000
  0.000  0.000  0.000  1.000
At time 1761786939.370221819
- Translation: [0.000, 0.000, 0.000]
- Rotation: in Quaternion [0.000, 0.000, 0.707, 0.707]
- Rotation: in RPY (radian) [0.000, -0.000, 1.571]
- Rotation: in RPY (degree) [0.000, -0.000, 89.998]
- Matrix:
  0.000 -1.000  0.000  0.000
  1.000  0.000  0.000  0.000
  0.000  0.000  1.000  0.000
  0.000  0.000  0.000  1.000
At time 1761786940.378357861
- Translation: [0.000, 0.000, 0.000]
- Rotation: in Quaternion [0.000, 0.000, 0.707, 0.707]
- Rotation: in RPY (radian) [0.000, -0.000, 1.571]
- Rotation: in RPY (degree) [0.000, -0.000, 89.998]
- Matrix:
  0.000 -1.000  0.000  0.000
  1.000  0.000  0.000  0.000
  0.000  0.000  1.000  0.000
  0.000  0.000  0.000  1.000
At time 1761786941.370069847
- Translation: [0.000, 0.000, 0.000]
- Rotation: in Quaternion [0.000, 0.000, 0.707, 0.707]
- Rotation: in RPY (radian) [0.000, -0.000, 1.571]
- Rotation: in RPY (degree) [0.000, -0.000, 89.998]
- Matrix:
  0.000 -1.000  0.000  0.000
  1.000  0.000  0.000  0.000
  0.000  0.000  1.000  0.000
  0.000  0.000  0.000  1.000
At time 1761786942.377842773
- Translation: [0.000, 0.000, 0.000]
- Rotation: in Quaternion [0.000, 0.000, 0.707, 0.707]
- Rotation: in RPY (radian) [0.000, -0.000, 1.571]
- Rotation: in RPY (degree) [0.000, -0.000, 89.998]
- Matrix:
  0.000 -1.000  0.000  0.000
  1.000  0.000  0.000  0.000
  0.000  0.000  1.000  0.000
  0.000  0.000  0.000  1.000
At time 1761786943.370351314
- Translation: [0.000, 0.000, 0.000]
- Rotation: in Quaternion [0.000, 0.000, 0.707, 0.707]
- Rotation: in RPY (radian) [0.000, -0.000, 1.571]
- Rotation: in RPY (degree) [0.000, -0.000, 89.998]
- Matrix:
  0.000 -1.000  0.000  0.000
  1.000  0.000  0.000  0.000
  0.000  0.000  1.000  0.000
  0.000  0.000  0.000  1.000
At time 1761786944.378614827
- Translation: [0.000, 0.000, 0.000]
- Rotation: in Quaternion [0.000, 0.000, 0.707, 0.707]
- Rotation: in RPY (radian) [0.000, -0.000, 1.571]
- Rotation: in RPY (degree) [0.000, -0.000, 89.998]
- Matrix:
  0.000 -1.000  0.000  0.000
  1.000  0.000  0.000  0.000
  0.000  0.000  1.000  0.000
  0.000  0.000  0.000  1.000
At time 1761786945.370244155
- Translation: [0.000, 0.000, 0.000]
- Rotation: in Quaternion [0.000, 0.000, 0.707, 0.707]
- Rotation: in RPY (radian) [0.000, -0.000, 1.571]
- Rotation: in RPY (degree) [0.000, -0.000, 89.998]
- Matrix:
  0.000 -1.000  0.000  0.000
  1.000  0.000  0.000  0.000
  0.000  0.000  1.000  0.000
  0.000  0.000  0.000  1.000
At time 1761786946.378386448
- Translation: [0.000, 0.000, 0.000]
- Rotation: in Quaternion [0.000, 0.000, 0.707, 0.707]
- Rotation: in RPY (radian) [0.000, -0.000, 1.571]
- Rotation: in RPY (degree) [0.000, -0.000, 89.998]
- Matrix:
  0.000 -1.000  0.000  0.000
  1.000  0.000  0.000  0.000
  0.000  0.000  1.000  0.000
  0.000  0.000  0.000  1.000
At time 1761786947.371221416
- Translation: [0.000, 0.000, 0.000]
- Rotation: in Quaternion [0.000, 0.000, 0.707, 0.707]
- Rotation: in RPY (radian) [0.000, -0.000, 1.571]
- Rotation: in RPY (degree) [0.000, -0.000, 89.998]
- Matrix:
  0.000 -1.000  0.000  0.000
  1.000  0.000  0.000  0.000
  0.000  0.000  1.000  0.000
  0.000  0.000  0.000  1.000
At time 1761786948.378244272
- Translation: [0.000, 0.000, 0.000]
- Rotation: in Quaternion [0.000, 0.000, 0.707, 0.707]
- Rotation: in RPY (radian) [0.000, -0.000, 1.571]
- Rotation: in RPY (degree) [0.000, -0.000, 89.998]
- Matrix:
  0.000 -1.000  0.000  0.000
  1.000  0.000  0.000  0.000
  0.000  0.000  1.000  0.000
  0.000  0.000  0.000  1.000
At time 1761786949.370048911
- Translation: [0.000, 0.000, 0.000]
- Rotation: in Quaternion [0.000, 0.000, 0.707, 0.707]
- Rotation: in RPY (radian) [0.000, -0.000, 1.571]
- Rotation: in RPY (degree) [0.000, -0.000, 89.998]
- Matrix:
  0.000 -1.000  0.000  0.000
  1.000  0.000  0.000  0.000
  0.000  0.000  1.000  0.000
  0.000  0.000  0.000  1.000
At time 1761786950.377503575
- Translation: [0.000, 0.000, 0.000]
- Rotation: in Quaternion [0.000, 0.000, 0.707, 0.707]
- Rotation: in RPY (radian) [0.000, -0.000, 1.571]
- Rotation: in RPY (degree) [0.000, -0.000, 89.998]
- Matrix:
  0.000 -1.000  0.000  0.000
  1.000  0.000  0.000  0.000
  0.000  0.000  1.000  0.000
  0.000  0.000  0.000  1.000
At time 1761786951.370200651
- Translation: [0.000, 0.000, 0.000]
- Rotation: in Quaternion [0.000, 0.000, 0.707, 0.707]
- Rotation: in RPY (radian) [0.000, -0.000, 1.571]
- Rotation: in RPY (degree) [0.000, -0.000, 89.998]
- Matrix:
  0.000 -1.000  0.000  0.000
  1.000  0.000  0.000  0.000
  0.000  0.000  1.000  0.000
  0.000  0.000  0.000  1.000
At time 1761786952.377646488
- Translation: [0.000, 0.000, 0.000]
- Rotation: in Quaternion [0.000, 0.000, 0.707, 0.707]
- Rotation: in RPY (radian) [0.000, -0.000, 1.571]
- Rotation: in RPY (degree) [0.000, -0.000, 89.998]
- Matrix:
  0.000 -1.000  0.000  0.000
  1.000  0.000  0.000  0.000
  0.000  0.000  1.000  0.000
  0.000  0.000  0.000  1.000
At time 1761786953.370327434
- Translation: [0.000, 0.000, 0.000]
- Rotation: in Quaternion [0.000, 0.000, 0.707, 0.707]
- Rotation: in RPY (radian) [0.000, -0.000, 1.571]
- Rotation: in RPY (degree) [0.000, -0.000, 89.998]
- Matrix:
  0.000 -1.000  0.000  0.000
  1.000  0.000  0.000  0.000
  0.000  0.000  1.000  0.000
  0.000  0.000  0.000  1.000
At time 1761786954.378698738
- Translation: [-0.128, 0.000, 0.000]
- Rotation: in Quaternion [0.000, 0.000, 0.707, 0.707]
- Rotation: in RPY (radian) [0.000, -0.000, 1.571]
- Rotation: in RPY (degree) [0.000, -0.000, 89.998]
- Matrix:
  0.000 -1.000  0.000 -0.128
  1.000  0.000  0.000  0.000
  0.000  0.000  1.000  0.000
  0.000  0.000  0.000  1.000
At time 1761786955.370741097
- Translation: [-0.257, -0.790, 0.000]
- Rotation: in Quaternion [0.000, 0.000, 0.983, 0.182]
- Rotation: in RPY (radian) [0.000, -0.000, 2.775]
- Rotation: in RPY (degree) [0.000, -0.000, 159.018]
- Matrix:
 -0.934 -0.358  0.000 -0.257
  0.358 -0.934  0.000 -0.790
  0.000  0.000  1.000  0.000
  0.000  0.000  0.000  1.000
At time 1761786956.378258427
- Translation: [0.656, -0.471, 0.000]
- Rotation: in Quaternion [0.000, 0.000, 0.975, 0.222]
- Rotation: in RPY (radian) [0.000, -0.000, 2.694]
- Rotation: in RPY (degree) [0.000, -0.000, 154.377]
- Matrix:
 -0.902 -0.432  0.000  0.656
  0.432 -0.902  0.000 -0.471
  0.000  0.000  1.000  0.000
  0.000  0.000  0.000  1.000
At time 1761786957.370289813
- Translation: [-0.269, 0.206, 0.000]
- Rotation: in Quaternion [0.000, 0.000, 0.487, 0.874]
- Rotation: in RPY (radian) [0.000, -0.000, 1.016]
- Rotation: in RPY (degree) [0.000, -0.000, 58.234]
- Matrix:
  0.526 -0.850  0.000 -0.269
  0.850  0.526  0.000  0.206
  0.000  0.000  1.000  0.000
  0.000  0.000  0.000  1.000
At time 1761786958.378362202
- Translation: [0.241, 0.093, 0.000]
- Rotation: in Quaternion [0.000, 0.000, 0.921, -0.390]
- Rotation: in RPY (radian) [0.000, -0.000, -2.339]
- Rotation: in RPY (degree) [0.000, -0.000, -134.030]
- Matrix:
 -0.695  0.719  0.000  0.241
 -0.719 -0.695  0.000  0.093
  0.000  0.000  1.000  0.000
  0.000  0.000  0.000  1.000
At time 1761786959.370320491
- Translation: [0.134, 0.023, 0.000]
- Rotation: in Quaternion [0.000, 0.000, 0.983, -0.184]
- Rotation: in RPY (radian) [0.000, -0.000, -2.772]
- Rotation: in RPY (degree) [0.000, -0.000, -158.820]
- Matrix:
 -0.932  0.361  0.000  0.134
 -0.361 -0.932  0.000  0.023
  0.000  0.000  1.000  0.000
  0.000  0.000  0.000  1.000
At time 1761786960.377792866
- Translation: [0.069, 0.005, 0.000]
- Rotation: in Quaternion [0.000, 0.000, 0.996, -0.085]
- Rotation: in RPY (radian) [0.000, -0.000, -2.972]
- Rotation: in RPY (degree) [0.000, -0.000, -170.271]
- Matrix:
 -0.986  0.169  0.000  0.069
 -0.169 -0.986  0.000  0.005
  0.000  0.000  1.000  0.000
  0.000  0.000  0.000  1.000
At time 1761786961.370863256
- Translation: [0.034, 0.001, 0.000]
- Rotation: in Quaternion [0.000, 0.000, 0.999, -0.036]
- Rotation: in RPY (radian) [0.000, -0.000, -3.069]
- Rotation: in RPY (degree) [0.000, -0.000, -175.832]
- Matrix:
 -0.997  0.073  0.000  0.034
 -0.073 -0.997  0.000  0.001
  0.000  0.000  1.000  0.000
  0.000  0.000  0.000  1.000
At time 1761786962.378204061
- Translation: [-1.265, -0.005, 0.000]
- Rotation: in Quaternion [0.000, 0.000, 0.994, -0.113]
- Rotation: in RPY (radian) [0.000, -0.000, -2.916]
- Rotation: in RPY (degree) [0.000, -0.000, -167.055]
- Matrix:
 -0.975  0.224  0.000 -1.265
 -0.224 -0.975  0.000 -0.005
  0.000  0.000  1.000  0.000
  0.000  0.000  0.000  1.000
At time 1761786963.370110992
- Translation: [-3.074, -0.155, 0.000]
- Rotation: in Quaternion [0.000, 0.000, -0.017, 1.000]
- Rotation: in RPY (radian) [0.000, 0.000, -0.035]
- Rotation: in RPY (degree) [0.000, 0.000, -1.994]
- Matrix:
  0.999  0.035  0.000 -3.074
 -0.035  0.999 -0.000 -0.155
 -0.000  0.000  1.000  0.000
  0.000  0.000  0.000  1.000
At time 1761786964.379202187
- Translation: [-1.042, 1.156, 0.000]
- Rotation: in Quaternion [0.000, 0.000, -0.424, 0.905]
- Rotation: in RPY (radian) [0.000, 0.000, -0.877]
- Rotation: in RPY (degree) [0.000, 0.000, -50.225]
- Matrix:
  0.640  0.769  0.000 -1.042
 -0.769  0.640 -0.000  1.156
 -0.000  0.000  1.000  0.000
  0.000  0.000  0.000  1.000
At time 1761786965.370072578
- Translation: [-0.307, -0.716, 0.000]
- Rotation: in Quaternion [0.000, 0.000, 0.542, 0.840]
- Rotation: in RPY (radian) [0.000, -0.000, 1.147]
- Rotation: in RPY (degree) [0.000, -0.000, 65.706]
- Matrix:
  0.411 -0.911  0.000 -0.307
  0.911  0.411  0.000 -0.716
  0.000  0.000  1.000  0.000
  0.000  0.000  0.000  1.000
At time 1761786966.378188389
- Translation: [0.187, -0.341, 0.000]
- Rotation: in Quaternion [0.000, 0.000, 0.858, 0.514]
- Rotation: in RPY (radian) [0.000, -0.000, 2.062]
- Rotation: in RPY (degree) [0.000, -0.000, 118.153]
- Matrix:
 -0.472 -0.882  0.000  0.187
  0.882 -0.472  0.000 -0.341
  0.000  0.000  1.000  0.000
  0.000  0.000  0.000  1.000
At time 1761786967.369711193
- Translation: [0.094, -0.170, 0.000]
- Rotation: in Quaternion [0.000, 0.000, 0.860, 0.510]
- Rotation: in RPY (radian) [0.000, -0.000, 2.072]
- Rotation: in RPY (degree) [0.000, -0.000, 118.698]
- Matrix:
 -0.480 -0.877  0.000  0.094
  0.877 -0.480  0.000 -0.170
  0.000  0.000  1.000  0.000
  0.000  0.000  0.000  1.000
At time 1761786968.378683652
- Translation: [0.047, -0.085, 0.000]
- Rotation: in Quaternion [0.000, 0.000, 0.861, 0.508]
- Rotation: in RPY (radian) [0.000, -0.000, 2.076]
- Rotation: in RPY (degree) [0.000, -0.000, 118.967]
- Matrix:
 -0.484 -0.875  0.000  0.047
  0.875 -0.484  0.000 -0.085
  0.000  0.000  1.000  0.000
  0.000  0.000  0.000  1.000
At time 1761786969.369863989
- Translation: [0.024, -0.042, 0.000]
- Rotation: in Quaternion [0.000, 0.000, 0.862, 0.507]
- Rotation: in RPY (radian) [0.000, -0.000, 2.079]
- Rotation: in RPY (degree) [0.000, -0.000, 119.099]
- Matrix:
 -0.486 -0.874  0.000  0.024
  0.874 -0.486  0.000 -0.042
  0.000  0.000  1.000  0.000
  0.000  0.000  0.000  1.000
At time 1761786970.378317988
- Translation: [0.012, -0.021, 0.000]
- Rotation: in Quaternion [0.000, 0.000, 0.862, 0.506]
- Rotation: in RPY (radian) [0.000, -0.000, 2.080]
- Rotation: in RPY (degree) [0.000, -0.000, 119.164]
- Matrix:
 -0.487 -0.873  0.000  0.012
  0.873 -0.487  0.000 -0.021
  0.000  0.000  1.000  0.000
  0.000  0.000  0.000  1.000
At time 1761786971.369646324
- Translation: [-0.027, -0.008, 0.000]
- Rotation: in Quaternion [0.000, 0.000, 0.837, 0.547]
- Rotation: in RPY (radian) [0.000, -0.000, 1.985]
- Rotation: in RPY (degree) [0.000, -0.000, 113.722]
- Matrix:
 -0.402 -0.916  0.000 -0.027
  0.916 -0.402  0.000 -0.008
  0.000  0.000  1.000  0.000
  0.000  0.000  0.000  1.000
At time 1761786972.378629393
- Translation: [-1.957, 0.040, 0.000]
- Rotation: in Quaternion [0.000, 0.000, 0.048, 0.999]
- Rotation: in RPY (radian) [0.000, -0.000, 0.097]
- Rotation: in RPY (degree) [0.000, -0.000, 5.560]
- Matrix:
  0.995 -0.097  0.000 -1.957
  0.097  0.995  0.000  0.040
  0.000  0.000  1.000  0.000
  0.000  0.000  0.000  1.000
At time 1761786973.369606344
- Translation: [-1.041, 0.074, 0.000]
- Rotation: in Quaternion [0.000, 0.000, -0.011, 1.000]
- Rotation: in RPY (radian) [0.000, 0.000, -0.022]
- Rotation: in RPY (degree) [0.000, 0.000, -1.234]
- Matrix:
  1.000  0.022  0.000 -1.041
 -0.022  1.000 -0.000  0.074
 -0.000  0.000  1.000  0.000
  0.000  0.000  0.000  1.000
At time 1761786974.378078026
- Translation: [-0.520, 0.049, 0.000]
- Rotation: in Quaternion [0.000, 0.000, -0.035, 0.999]
- Rotation: in RPY (radian) [0.000, 0.000, -0.071]
- Rotation: in RPY (degree) [0.000, 0.000, -4.047]
- Matrix:
  0.998  0.071  0.000 -0.520
 -0.071  0.998 -0.000  0.049
 -0.000  0.000  1.000  0.000
  0.000  0.000  0.000  1.000
At time 1761786975.370016485
- Translation: [-0.260, 0.028, 0.000]
- Rotation: in Quaternion [0.000, 0.000, -0.047, 0.999]
- Rotation: in RPY (radian) [0.000, 0.000, -0.095]
- Rotation: in RPY (degree) [0.000, 0.000, -5.429]
- Matrix:
  0.996  0.095  0.000 -0.260
 -0.095  0.996 -0.000  0.028
 -0.000  0.000  1.000  0.000
  0.000  0.000  0.000  1.000
At time 1761786976.377675321
- Translation: [-0.130, 0.015, 0.000]
- Rotation: in Quaternion [0.000, 0.000, -0.053, 0.999]
- Rotation: in RPY (radian) [0.000, 0.000, -0.107]
- Rotation: in RPY (degree) [0.000, 0.000, -6.109]
- Matrix:
  0.994  0.106  0.000 -0.130
 -0.106  0.994 -0.000  0.015
 -0.000  0.000  1.000  0.000
  0.000  0.000  0.000  1.000
At time 1761786977.370295769
- Translation: [-0.065, 0.008, 0.000]
- Rotation: in Quaternion [0.000, 0.000, -0.056, 0.998]
- Rotation: in RPY (radian) [0.000, 0.000, -0.112]
- Rotation: in RPY (degree) [0.000, 0.000, -6.443]
- Matrix:
  0.994  0.112  0.000 -0.065
 -0.112  0.994 -0.000  0.008
 -0.000  0.000  1.000  0.000
  0.000  0.000  0.000  1.000
At time 1761786978.378603440
- Translation: [-0.032, 0.004, 0.000]
- Rotation: in Quaternion [0.000, 0.000, -0.058, 0.998]
- Rotation: in RPY (radian) [0.000, 0.000, -0.115]
- Rotation: in RPY (degree) [0.000, 0.000, -6.608]
- Matrix:
  0.993  0.115  0.000 -0.032
 -0.115  0.993 -0.000  0.004
 -0.000  0.000  1.000  0.000
  0.000  0.000  0.000  1.000
At time 1761786979.370602303
- Translation: [-0.016, 0.002, 0.000]
- Rotation: in Quaternion [0.000, 0.000, -0.058, 0.998]
- Rotation: in RPY (radian) [0.000, 0.000, -0.117]
- Rotation: in RPY (degree) [0.000, 0.000, -6.689]
- Matrix:
  0.993  0.116  0.000 -0.016
 -0.116  0.993 -0.000  0.002
 -0.000  0.000  1.000  0.000
  0.000  0.000  0.000  1.000
At time 1761786980.377688376
- Translation: [-0.008, 0.001, 0.000]
- Rotation: in Quaternion [0.000, 0.000, -0.059, 0.998]
- Rotation: in RPY (radian) [0.000, 0.000, -0.117]
- Rotation: in RPY (degree) [0.000, 0.000, -6.728]
- Matrix:
  0.993  0.117  0.000 -0.008
 -0.117  0.993 -0.000  0.001
 -0.000  0.000  1.000  0.000
  0.000  0.000  0.000  1.000
At time 1761786981.370418250
- Translation: [-0.004, 0.000, 0.000]
- Rotation: in Quaternion [0.000, 0.000, -0.059, 0.998]
- Rotation: in RPY (radian) [0.000, 0.000, -0.118]
- Rotation: in RPY (degree) [0.000, 0.000, -6.747]
- Matrix:
  0.993  0.117  0.000 -0.004
 -0.117  0.993 -0.000  0.000
 -0.000  0.000  1.000  0.000
  0.000  0.000  0.000  1.000
At time 1761786982.378527686
- Translation: [-0.002, 0.000, 0.000]
- Rotation: in Quaternion [0.000, 0.000, -0.059, 0.998]
- Rotation: in RPY (radian) [0.000, 0.000, -0.118]
- Rotation: in RPY (degree) [0.000, 0.000, -6.763]
- Matrix:
  0.993  0.118  0.000 -0.002
 -0.118  0.993 -0.000  0.000
 -0.000  0.000  1.000  0.000
  0.000  0.000  0.000  1.000
At time 1761786983.369925371
- Translation: [-0.001, 0.000, 0.000]
- Rotation: in Quaternion [0.000, 0.000, -0.059, 0.998]
- Rotation: in RPY (radian) [0.000, 0.000, -0.118]
- Rotation: in RPY (degree) [0.000, 0.000, -6.771]
- Matrix:
  0.993  0.118  0.000 -0.001
 -0.118  0.993 -0.000  0.000
 -0.000  0.000  1.000  0.000
  0.000  0.000  0.000  1.000
At time 1761786984.378167929
- Translation: [-0.001, 0.000, 0.000]
- Rotation: in Quaternion [0.000, 0.000, -0.059, 0.998]
- Rotation: in RPY (radian) [0.000, 0.000, -0.118]
- Rotation: in RPY (degree) [0.000, 0.000, -6.765]
- Matrix:
  0.993  0.118  0.000 -0.001
 -0.118  0.993 -0.000  0.000
 -0.000  0.000  1.000  0.000
  0.000  0.000  0.000  1.000
At time 1761786985.370197148
- Translation: [-0.000, 0.000, 0.000]
- Rotation: in Quaternion [0.000, 0.000, -0.059, 0.998]
- Rotation: in RPY (radian) [0.000, 0.000, -0.119]
- Rotation: in RPY (degree) [0.000, 0.000, -6.797]
- Matrix:
  0.993  0.118  0.000 -0.000
 -0.118  0.993 -0.000  0.000
 -0.000  0.000  1.000  0.000
  0.000  0.000  0.000  1.000
At time 1761786986.378115512
- Translation: [-0.000, 0.000, 0.000]
- Rotation: in Quaternion [0.000, 0.000, -0.059, 0.998]
- Rotation: in RPY (radian) [0.000, 0.000, -0.118]
- Rotation: in RPY (degree) [0.000, 0.000, -6.751]
- Matrix:
  0.993  0.118  0.000 -0.000
 -0.118  0.993 -0.000  0.000
 -0.000  0.000  1.000  0.000
  0.000  0.000  0.000  1.000
At time 1761786987.369866245
- Translation: [-0.000, 0.000, 0.000]
- Rotation: in Quaternion [0.000, 0.000, -0.058, 0.998]
- Rotation: in RPY (radian) [0.000, 0.000, -0.115]
- Rotation: in RPY (degree) [0.000, 0.000, -6.604]
- Matrix:
  0.993  0.115  0.000 -0.000
 -0.115  0.993 -0.000  0.000
 -0.000  0.000  1.000  0.000
  0.000  0.000  0.000  1.000
At time 1761786988.377874218
- Translation: [-0.000, 0.000, 0.000]
- Rotation: in Quaternion [0.000, 0.000, -0.060, 0.998]
- Rotation: in RPY (radian) [0.000, 0.000, -0.120]
- Rotation: in RPY (degree) [0.000, 0.000, -6.904]
- Matrix:
  0.993  0.120  0.000 -0.000
 -0.120  0.993 -0.000  0.000
 -0.000  0.000  1.000  0.000
  0.000  0.000  0.000  1.000
At time 1761786989.369400315
- Translation: [-0.404, -0.001, 0.000]
- Rotation: in Quaternion [0.000, 0.000, -0.051, 0.999]
- Rotation: in RPY (radian) [0.000, 0.000, -0.103]
- Rotation: in RPY (degree) [0.000, 0.000, -5.889]
- Matrix:
  0.995  0.103  0.000 -0.404
 -0.103  0.995 -0.000 -0.001
 -0.000  0.000  1.000  0.000
  0.000  0.000  0.000  1.000
At time 1761786990.378159177
- Translation: [-0.172, 0.137, 0.000]
- Rotation: in Quaternion [0.000, 0.000, -0.358, 0.934]
- Rotation: in RPY (radian) [0.000, 0.000, -0.733]
- Rotation: in RPY (degree) [0.000, 0.000, -41.997]
- Matrix:
  0.743  0.669  0.000 -0.172
 -0.669  0.743 -0.000  0.137
 -0.000  0.000  1.000  0.000
  0.000  0.000  0.000  1.000
At time 1761786991.370106942
- Translation: [0.096, 0.054, 0.000]
- Rotation: in Quaternion [0.000, 0.000, 0.971, -0.239]
- Rotation: in RPY (radian) [0.000, -0.000, -2.658]
- Rotation: in RPY (degree) [0.000, -0.000, -152.304]
- Matrix:
 -0.885  0.465  0.000  0.096
 -0.465 -0.885  0.000  0.054
  0.000  0.000  1.000  0.000
  0.000  0.000  0.000  1.000
At time 1761786992.378176392
- Translation: [0.017, -0.052, 0.000]
- Rotation: in Quaternion [-0.000, -0.000, 0.802, 0.597]
- Rotation: in RPY (radian) [-0.000, -0.000, 1.862]
- Rotation: in RPY (degree) [-0.000, -0.000, 106.677]
- Matrix:
 -0.287 -0.958 -0.000  0.017
  0.958 -0.287  0.000 -0.052
  0.000 -0.000  1.000  0.000
  0.000  0.000  0.000  1.000
At time 1761786993.369814049
- Translation: [0.008, -0.026, 0.000]
- Rotation: in Quaternion [-0.000, -0.000, 0.806, 0.591]
- Rotation: in RPY (radian) [-0.000, -0.000, 1.876]
- Rotation: in RPY (degree) [-0.000, -0.000, 107.492]
- Matrix:
 -0.301 -0.954 -0.000  0.008
  0.954 -0.301  0.000 -0.026
  0.000 -0.000  1.000  0.000
  0.000  0.000  0.000  1.000
At time 1761786994.378276752
- Translation: [0.004, -0.013, 0.000]
- Rotation: in Quaternion [-0.000, -0.000, 0.808, 0.589]
- Rotation: in RPY (radian) [-0.000, -0.000, 1.883]
- Rotation: in RPY (degree) [-0.000, -0.000, 107.892]
- Matrix:
 -0.307 -0.952 -0.000  0.004
  0.952 -0.307  0.000 -0.013
  0.000 -0.000  1.000  0.000
  0.000  0.000  0.000  1.000
At time 1761786995.371156709
- Translation: [0.414, 0.005, 0.000]
- Rotation: in Quaternion [-0.000, -0.000, 0.827, 0.563]
- Rotation: in RPY (radian) [-0.000, -0.000, 1.946]
- Rotation: in RPY (degree) [-0.000, -0.000, 111.500]
- Matrix:
 -0.366 -0.930 -0.000  0.414
  0.930 -0.366  0.000  0.005
  0.000 -0.000  1.000  0.000
  0.000  0.000  0.000  1.000
At time 1761786996.378730008
- Translation: [-0.911, 0.208, 0.000]
- Rotation: in Quaternion [0.000, 0.000, -0.823, 0.568]
- Rotation: in RPY (radian) [0.000, 0.000, -1.932]
- Rotation: in RPY (degree) [0.000, 0.000, -110.716]
- Matrix:
 -0.354  0.935  0.000 -0.911
 -0.935 -0.354 -0.000  0.208
 -0.000  0.000  1.000  0.000
  0.000  0.000  0.000  1.000
At time 1761786997.371060495
- Translation: [-2.677, -0.109, 0.000]
- Rotation: in Quaternion [0.000, 0.000, -0.131, 0.991]
- Rotation: in RPY (radian) [0.000, 0.000, -0.263]
- Rotation: in RPY (degree) [0.000, 0.000, -15.044]
- Matrix:
  0.966  0.260  0.000 -2.677
 -0.260  0.966 -0.000 -0.109
 -0.000  0.000  1.000  0.000
  0.000  0.000  0.000  1.000
At time 1761786998.378065452
- Translation: [-3.099, -0.245, 0.000]
- Rotation: in Quaternion [0.000, 0.000, 0.018, 1.000]
- Rotation: in RPY (radian) [0.000, -0.000, 0.035]
- Rotation: in RPY (degree) [0.000, -0.000, 2.024]
- Matrix:
  0.999 -0.035  0.000 -3.099
  0.035  0.999  0.000 -0.245
  0.000  0.000  1.000  0.000
  0.000  0.000  0.000  1.000
At time 1761786999.370277936
- Translation: [-1.548, -0.156, 0.000]
- Rotation: in Quaternion [0.000, 0.000, 0.039, 0.999]
- Rotation: in RPY (radian) [0.000, -0.000, 0.079]
- Rotation: in RPY (degree) [0.000, -0.000, 4.525]
- Matrix:
  0.997 -0.079  0.000 -1.548
  0.079  0.997  0.000 -0.156
  0.000  0.000  1.000  0.000
  0.000  0.000  0.000  1.000
At time 1761787000.377998274
- Translation: [-0.773, -0.086, 0.000]
- Rotation: in Quaternion [0.000, 0.000, 0.050, 0.999]
- Rotation: in RPY (radian) [0.000, -0.000, 0.100]
- Rotation: in RPY (degree) [0.000, -0.000, 5.754]
- Matrix:
  0.995 -0.100  0.000 -0.773
  0.100  0.995  0.000 -0.086
  0.000  0.000  1.000  0.000
  0.000  0.000  0.000  1.000
At time 1761787001.370494164
- Translation: [-0.386, -0.045, 0.000]
- Rotation: in Quaternion [0.000, 0.000, 0.055, 0.998]
- Rotation: in RPY (radian) [0.000, -0.000, 0.111]
- Rotation: in RPY (degree) [0.000, -0.000, 6.359]
- Matrix:
  0.994 -0.111  0.000 -0.386
  0.111  0.994  0.000 -0.045
  0.000  0.000  1.000  0.000
  0.000  0.000  0.000  1.000
At time 1761787002.377862256
- Translation: [-0.193, -0.023, 0.000]
- Rotation: in Quaternion [0.000, 0.000, 0.058, 0.998]
- Rotation: in RPY (radian) [0.000, -0.000, 0.116]
- Rotation: in RPY (degree) [0.000, -0.000, 6.656]
- Matrix:
  0.993 -0.116  0.000 -0.193
  0.116  0.993  0.000 -0.023
  0.000  0.000  1.000  0.000
  0.000  0.000  0.000  1.000
